第 1 类: [ 1.2  4.8  5.6 15.   0.5]
第 1 类: [ 2.4  3.6  7.2 12.   0.8]
第 1 类: [0.1 4.7 9.2 6.5 6.6]
第 1 类: [3.9 1.8 7.7 6.4 3.5]
第 2 类: [2.2 4.6 1.5 0.9 7.1]
第 2 类: [6.7 4.2 3.4 5.8 2.4]
第 2 类: [8.4 4.6 6.1 6.8 1.2]
第 2 类: [3.4 7.7 1.9 5.5 6.1]
第 2 类: [7.8 3.2 7.4 4.3 4.5]
第 2 类: [6.8 7.8 2.4 6.4 4.6]
第 2 类: [6.  0.4 2.7 6.8 7.7]
第 2 类: [9.2 7.2 1.9 9.5 6.6]


第 1 类: [2.2 4.6 1.5 0.9 7.1]
第 1 类: [6.7 4.2 3.4 5.8 2.4]
第 1 类: [3.4 7.7 1.9 5.5 6.1]
第 1 类: [6.8 7.8 2.4 6.4 4.6]
第 1 类: [9.2 7.2 1.9 9.5 6.6]
第 2 类: [ 1.2  4.8  5.6 15.   0.5]
第 2 类: [ 2.4  3.6  7.2 12.   0.8]
第 3 类: [8.4 4.6 6.1 6.8 1.2]
第 3 类: [7.8 3.2 7.4 4.3 4.5]
第 3 类: [0.1 4.7 9.2 6.5 6.6]
第 3 类: [6.  0.4 2.7 6.8 7.7]
第 3 类: [3.9 1.8 7.7 6.4 3.5]


第 1 类: [2.2 4.6 1.5 0.9 7.1]
第 1 类: [3.4 7.7 1.9 5.5 6.1]
第 1 类: [6.  0.4 2.7 6.8 7.7]
第 2 类: [6.7 4.2 3.4 5.8 2.4]
第 2 类: [8.4 4.6 6.1 6.8 1.2]
第 2 类: [7.8 3.2 7.4 4.3 4.5]
第 2 类: [6.8 7.8 2.4 6.4 4.6]
第 2 类: [9.2 7.2 1.9 9.5 6.6]
第 3 类: [ 1.2  4.8  5.6 15.   0.5]
第 3 类: [ 2.4  3.6  7.2 12.   0.8]
第 4 类: [0.1 4.7 9.2 6.5 6.6]
第 4 类: [3.9 1.8 7.7 6.4 3.5]


聚 2 类指数结果:
Kmeans_DBI指数: 0.9692467547023551
Kmeans_DI指数: 4.761302342846966


聚 3 类指数结果:
Kmeans_DBI指数: 1.2341669385479213
Kmeans_DI指数: 3.574912586343895


聚 4 类指数结果:
Kmeans_DBI指数: 1.2266018642490548
Kmeans_DI指数: 3.857460304397182


